Camera
{
	name "FreeCam"
	position [0.0 120.0 220.0]
	orientation [0.0 0.1 0.0] // yaw, pitch, roll
	znear 10.0
	zfar 50000.0
	fov 60.0
}

FreeRoamCameraController
{
	name "CamControl"
	TargetCamera "FreeCam"
	Speed 2000.0
}

Atmosphere
{
	SunDir [-0.5 0.8 0.4]
	AtmosphericFogScaleFactor 0.5 
}

DirectionalLight
{
	name "sunlight"
	transform [1 0 0 0   0 1 0 0    0 0 1 0    0 5000 0 1]
	Direction [-0.5 0.8 0.4]
	Color [1.2 1.2 1.2]
	EnableCascadedShadows true
	NumShadowCascades 4
	ShadowDistance 1500
	TransitionFactor 0.8 
}
StaticMesh
{
	name "Building_TypeA_C_9(0)"
	mesh "Building_TypeA_C(0).mesh"
	transform [9.61224e-06 0 -1 0 0 1 0 0 1 0 9.61224e-06 0 -6712.7 70.3659 -1699.36 1 ]
	material { shader "DefaultPattern.shader"}
}
StaticMesh
{
	name "Building_TypeA_C_9(1)"
	mesh "Building_TypeA_C(1).mesh"
	transform [9.61224e-06 0 -1 0 0 1 0 0 1 0 9.61224e-06 0 -6712.7 70.3659 -1699.36 1 ]
	material { shader "DefaultPattern.shader"}
}
StaticMesh
{
	name "Building_TypeA_C_9(2)"
	mesh "Building_TypeA_C(2).mesh"
	transform [9.61224e-06 0 -1 0 0 1 0 0 1 0 9.61224e-06 0 -6712.7 70.3659 -1699.36 1 ]
	material { shader "DefaultPattern.shader"}
}
StaticMesh
{
	name "Building_TypeA_C_9(3)"
	mesh "Building_TypeA_C(3).mesh"
	transform [9.61224e-06 0 -1 0 0 1 0 0 1 0 9.61224e-06 0 -6712.7 70.3659 -1699.36 1 ]
	material { shader "DefaultPattern.shader"}
}
StaticMesh
{
	name "Building_TypeA_C_9(4)"
	mesh "Building_TypeA_C(4).mesh"
	transform [9.61224e-06 0 -1 0 0 1 0 0 1 0 9.61224e-06 0 -6712.7 70.3659 -1699.36 1 ]
	material { shader "DefaultPattern.shader"}
}
StaticMesh
{
	name "Building_TypeA_C_9(5)"
	mesh "Building_TypeA_C(5).mesh"
	transform [9.61224e-06 0 -1 0 0 1 0 0 1 0 9.61224e-06 0 -6712.7 70.3659 -1699.36 1 ]
	material { shader "DefaultPattern.shader"}
}
StaticMesh
{
	name "Building_TypeA_C_9(6)"
	mesh "Building_TypeA_C(6).mesh"
	transform [9.61224e-06 0 -1 0 0 1 0 0 1 0 9.61224e-06 0 -6712.7 70.3659 -1699.36 1 ]
	material { shader "DefaultPattern.shader"}
}
StaticMesh
{
	name "Building_TypeA_C_9(7)"
	mesh "Building_TypeA_C(7).mesh"
	transform [9.61224e-06 0 -1 0 0 1 0 0 1 0 9.61224e-06 0 -6712.7 70.3659 -1699.36 1 ]
	material { shader "DefaultPattern.shader"}
}
StaticMesh
{
	name "Building_TypeA_C_9(8)"
	mesh "Building_TypeA_C(8).mesh"
	transform [9.61224e-06 0 -1 0 0 1 0 0 1 0 9.61224e-06 0 -6712.7 70.3659 -1699.36 1 ]
	material { shader "DefaultPattern.shader"}
}
StaticMesh
{
	name "Building_TypeC_C_12(0)"
	mesh "Building_TypeC_C(0).mesh"
	transform [-2.4279e-06 0 1 0 0 1 0 0 -1 0 -2.4279e-06 0 1293.15 135.857 -1400 1 ]
	material { shader "DefaultPattern.shader"}
}
StaticMesh
{
	name "Building_TypeC_C_12(1)"
	mesh "Building_TypeC_C(1).mesh"
	transform [-2.4279e-06 0 1 0 0 1 0 0 -1 0 -2.4279e-06 0 1293.15 135.857 -1400 1 ]
	material { shader "DefaultPattern.shader"}
}
StaticMesh
{
	name "Building_TypeC_C_12(2)"
	mesh "Building_TypeC_C(2).mesh"
	transform [-2.4279e-06 0 1 0 0 1 0 0 -1 0 -2.4279e-06 0 1293.15 135.857 -1400 1 ]
	material { shader "DefaultPattern.shader"}
}
StaticMesh
{
	name "Building_TypeC_C_12(3)"
	mesh "Building_TypeC_C(3).mesh"
	transform [-2.4279e-06 0 1 0 0 1 0 0 -1 0 -2.4279e-06 0 1293.15 135.857 -1400 1 ]
	material { shader "DefaultPattern.shader"}
}
StaticMesh
{
	name "Building_TypeC_C_12(4)"
	mesh "Building_TypeC_C(4).mesh"
	transform [-2.4279e-06 0 1 0 0 1 0 0 -1 0 -2.4279e-06 0 1293.15 135.857 -1400 1 ]
	material { shader "DefaultPattern.shader"}
}
StaticMesh
{
	name "Building_TypeC_C_12(5)"
	mesh "Building_TypeC_C(5).mesh"
	transform [-2.4279e-06 0 1 0 0 1 0 0 -1 0 -2.4279e-06 0 1293.15 135.857 -1400 1 ]
	material { shader "DefaultPattern.shader"}
}
StaticMesh
{
	name "Building_TypeC_C_12(6)"
	mesh "Building_TypeC_C(6).mesh"
	transform [-2.4279e-06 0 1 0 0 1 0 0 -1 0 -2.4279e-06 0 1293.15 135.857 -1400 1 ]
	material { shader "DefaultPattern.shader"}
}
StaticMesh
{
	name "Building_TypeC_C_12(7)"
	mesh "Building_TypeC_C(7).mesh"
	transform [-2.4279e-06 0 1 0 0 1 0 0 -1 0 -2.4279e-06 0 1293.15 135.857 -1400 1 ]
	material { shader "DefaultPattern.shader"}
}
StaticMesh
{
	name "Building_TypeC_C_12(8)"
	mesh "Building_TypeC_C(8).mesh"
	transform [-2.4279e-06 0 1 0 0 1 0 0 -1 0 -2.4279e-06 0 1293.15 135.857 -1400 1 ]
	material { shader "DefaultPattern.shader"}
}
StaticMesh
{
	name "Building_TypeC_C_12(9)"
	mesh "Building_TypeC_C(9).mesh"
	transform [-2.4279e-06 0 1 0 0 1 0 0 -1 0 -2.4279e-06 0 1293.15 135.857 -1400 1 ]
	material { shader "DefaultPattern.shader"}
}
StaticMesh
{
	name "Building_TypeD_A_19(0)"
	mesh "Building_TypeD_A(0).mesh"
	transform [-9.69966e-06 0 1 0 0 1 0 0 -1 0 -9.69966e-06 0 7439.21 136.558 927.212 1 ]
	material { shader "DefaultPattern.shader"}
}
StaticMesh
{
	name "Building_TypeD_A_19(1)"
	mesh "Building_TypeD_A(1).mesh"
	transform [-9.69966e-06 0 1 0 0 1 0 0 -1 0 -9.69966e-06 0 7439.21 136.558 927.212 1 ]
	material { shader "DefaultPattern.shader"}
}
StaticMesh
{
	name "Building_TypeD_A_19(2)"
	mesh "Building_TypeD_A(2).mesh"
	transform [-9.69966e-06 0 1 0 0 1 0 0 -1 0 -9.69966e-06 0 7439.21 136.558 927.212 1 ]
	material { shader "DefaultPattern.shader"}
}
StaticMesh
{
	name "Building_TypeD_A_19(3)"
	mesh "Building_TypeD_A(3).mesh"
	transform [-9.69966e-06 0 1 0 0 1 0 0 -1 0 -9.69966e-06 0 7439.21 136.558 927.212 1 ]
	material { shader "DefaultPattern.shader"}
}
StaticMesh
{
	name "Building_TypeD_A_19(4)"
	mesh "Building_TypeD_A(4).mesh"
	transform [-9.69966e-06 0 1 0 0 1 0 0 -1 0 -9.69966e-06 0 7439.21 136.558 927.212 1 ]
	material { shader "DefaultPattern.shader"}
}
StaticMesh
{
	name "Building_TypeD_A_19(5)"
	mesh "Building_TypeD_A(5).mesh"
	transform [-9.69966e-06 0 1 0 0 1 0 0 -1 0 -9.69966e-06 0 7439.21 136.558 927.212 1 ]
	material { shader "DefaultPattern.shader"}
}
StaticMesh
{
	name "Building_TypeD_A_19(6)"
	mesh "Building_TypeD_A(6).mesh"
	transform [-9.69966e-06 0 1 0 0 1 0 0 -1 0 -9.69966e-06 0 7439.21 136.558 927.212 1 ]
	material { shader "DefaultPattern.shader"}
}
StaticMesh
{
	name "Building_TypeD_A_19(7)"
	mesh "Building_TypeD_A(7).mesh"
	transform [-9.69966e-06 0 1 0 0 1 0 0 -1 0 -9.69966e-06 0 7439.21 136.558 927.212 1 ]
	material { shader "DefaultPattern.shader"}
}
StaticMesh
{
	name "Building_TypeD_A_19(8)"
	mesh "Building_TypeD_A(8).mesh"
	transform [-9.69966e-06 0 1 0 0 1 0 0 -1 0 -9.69966e-06 0 7439.21 136.558 927.212 1 ]
	material { shader "DefaultPattern.shader"}
}
StaticMesh
{
	name "Building_TypeD_A_19(9)"
	mesh "Building_TypeD_A(9).mesh"
	transform [-9.69966e-06 0 1 0 0 1 0 0 -1 0 -9.69966e-06 0 7439.21 136.558 927.212 1 ]
	material { shader "DefaultPattern.shader"}
}
StaticMesh
{
	name "Building_TypeD_A_19(10)"
	mesh "Building_TypeD_A(10).mesh"
	transform [-9.69966e-06 0 1 0 0 1 0 0 -1 0 -9.69966e-06 0 7439.21 136.558 927.212 1 ]
	material { shader "DefaultPattern.shader"}
}
StaticMesh
{
	name "Building_TypeB_C_22(0)"
	mesh "Building_TypeB_C(0).mesh"
	transform [-1 0 -1.56482e-05 0 0 1 0 0 1.56482e-05 0 -1 0 1390.71 138.395 -7500 1 ]
	material { shader "DefaultPattern.shader"}
}
StaticMesh
{
	name "Building_TypeB_C_22(1)"
	mesh "Building_TypeB_C(1).mesh"
	transform [-1 0 -1.56482e-05 0 0 1 0 0 1.56482e-05 0 -1 0 1390.71 138.395 -7500 1 ]
	material { shader "DefaultPattern.shader"}
}
StaticMesh
{
	name "Building_TypeB_C_22(2)"
	mesh "Building_TypeB_C(2).mesh"
	transform [-1 0 -1.56482e-05 0 0 1 0 0 1.56482e-05 0 -1 0 1390.71 138.395 -7500 1 ]
	material { shader "DefaultPattern.shader"}
}
StaticMesh
{
	name "Building_TypeB_C_22(3)"
	mesh "Building_TypeB_C(3).mesh"
	transform [-1 0 -1.56482e-05 0 0 1 0 0 1.56482e-05 0 -1 0 1390.71 138.395 -7500 1 ]
	material { shader "DefaultPattern.shader"}
}
StaticMesh
{
	name "Building_TypeB_C_22(4)"
	mesh "Building_TypeB_C(4).mesh"
	transform [-1 0 -1.56482e-05 0 0 1 0 0 1.56482e-05 0 -1 0 1390.71 138.395 -7500 1 ]
	material { shader "DefaultPattern.shader"}
}
StaticMesh
{
	name "Building_TypeB_C_22(5)"
	mesh "Building_TypeB_C(5).mesh"
	transform [-1 0 -1.56482e-05 0 0 1 0 0 1.56482e-05 0 -1 0 1390.71 138.395 -7500 1 ]
	material { shader "DefaultPattern.shader"}
}
StaticMesh
{
	name "Building_TypeB_C_22(6)"
	mesh "Building_TypeB_C(6).mesh"
	transform [-1 0 -1.56482e-05 0 0 1 0 0 1.56482e-05 0 -1 0 1390.71 138.395 -7500 1 ]
	material { shader "DefaultPattern.shader"}
}
StaticMesh
{
	name "Building_TypeD_B_25(0)"
	mesh "Building_TypeD_B(0).mesh"
	transform [6.5128e-06 0 1 0 0 1 0 0 -1 0 6.5128e-06 0 14189.2 150 11284.2 1 ]
	material { shader "DefaultPattern.shader"}
}
StaticMesh
{
	name "Building_TypeD_B_25(1)"
	mesh "Building_TypeD_B(1).mesh"
	transform [6.5128e-06 0 1 0 0 1 0 0 -1 0 6.5128e-06 0 14189.2 150 11284.2 1 ]
	material { shader "DefaultPattern.shader"}
}
StaticMesh
{
	name "Building_TypeD_B_25(2)"
	mesh "Building_TypeD_B(2).mesh"
	transform [6.5128e-06 0 1 0 0 1 0 0 -1 0 6.5128e-06 0 14189.2 150 11284.2 1 ]
	material { shader "DefaultPattern.shader"}
}
StaticMesh
{
	name "Building_TypeD_B_25(3)"
	mesh "Building_TypeD_B(3).mesh"
	transform [6.5128e-06 0 1 0 0 1 0 0 -1 0 6.5128e-06 0 14189.2 150 11284.2 1 ]
	material { shader "DefaultPattern.shader"}
}
StaticMesh
{
	name "Building_TypeD_B_25(4)"
	mesh "Building_TypeD_B(4).mesh"
	transform [6.5128e-06 0 1 0 0 1 0 0 -1 0 6.5128e-06 0 14189.2 150 11284.2 1 ]
	material { shader "DefaultPattern.shader"}
}
StaticMesh
{
	name "Building_TypeD_B_25(5)"
	mesh "Building_TypeD_B(5).mesh"
	transform [6.5128e-06 0 1 0 0 1 0 0 -1 0 6.5128e-06 0 14189.2 150 11284.2 1 ]
	material { shader "DefaultPattern.shader"}
}
StaticMesh
{
	name "Building_TypeD_B_25(6)"
	mesh "Building_TypeD_B(6).mesh"
	transform [6.5128e-06 0 1 0 0 1 0 0 -1 0 6.5128e-06 0 14189.2 150 11284.2 1 ]
	material { shader "DefaultPattern.shader"}
}
StaticMesh
{
	name "Building_TypeD_C_28(0)"
	mesh "Building_TypeD_C(0).mesh"
	transform [-1 0 -2.47081e-05 0 0 1 0 0 2.47081e-05 0 -1 0 -8010 140.022 5934.22 1 ]
	material { shader "DefaultPattern.shader"}
}
StaticMesh
{
	name "Building_TypeD_C_28(1)"
	mesh "Building_TypeD_C(1).mesh"
	transform [-1 0 -2.47081e-05 0 0 1 0 0 2.47081e-05 0 -1 0 -8010 140.022 5934.22 1 ]
	material { shader "DefaultPattern.shader"}
}
StaticMesh
{
	name "Building_TypeD_C_28(2)"
	mesh "Building_TypeD_C(2).mesh"
	transform [-1 0 -2.47081e-05 0 0 1 0 0 2.47081e-05 0 -1 0 -8010 140.022 5934.22 1 ]
	material { shader "DefaultPattern.shader"}
}
StaticMesh
{
	name "Building_TypeD_C_28(3)"
	mesh "Building_TypeD_C(3).mesh"
	transform [-1 0 -2.47081e-05 0 0 1 0 0 2.47081e-05 0 -1 0 -8010 140.022 5934.22 1 ]
	material { shader "DefaultPattern.shader"}
}
StaticMesh
{
	name "Building_TypeD_C_28(4)"
	mesh "Building_TypeD_C(4).mesh"
	transform [-1 0 -2.47081e-05 0 0 1 0 0 2.47081e-05 0 -1 0 -8010 140.022 5934.22 1 ]
	material { shader "DefaultPattern.shader"}
}
StaticMesh
{
	name "Building_TypeD_C_28(5)"
	mesh "Building_TypeD_C(5).mesh"
	transform [-1 0 -2.47081e-05 0 0 1 0 0 2.47081e-05 0 -1 0 -8010 140.022 5934.22 1 ]
	material { shader "DefaultPattern.shader"}
}
StaticMesh
{
	name "Building_TypeD_C_28(6)"
	mesh "Building_TypeD_C(6).mesh"
	transform [-1 0 -2.47081e-05 0 0 1 0 0 2.47081e-05 0 -1 0 -8010 140.022 5934.22 1 ]
	material { shader "DefaultPattern.shader"}
}
StaticMesh
{
	name "Building_TypeD_C_28(7)"
	mesh "Building_TypeD_C(7).mesh"
	transform [-1 0 -2.47081e-05 0 0 1 0 0 2.47081e-05 0 -1 0 -8010 140.022 5934.22 1 ]
	material { shader "DefaultPattern.shader"}
}
StaticMesh
{
	name "Building_TypeD_C_28(8)"
	mesh "Building_TypeD_C(8).mesh"
	transform [-1 0 -2.47081e-05 0 0 1 0 0 2.47081e-05 0 -1 0 -8010 140.022 5934.22 1 ]
	material { shader "DefaultPattern.shader"}
}
StaticMesh
{
	name "Building_TypeD_C_28(9)"
	mesh "Building_TypeD_C(9).mesh"
	transform [-1 0 -2.47081e-05 0 0 1 0 0 2.47081e-05 0 -1 0 -8010 140.022 5934.22 1 ]
	material { shader "DefaultPattern.shader"}
}
StaticMesh
{
	name "Building_TypeC_A_31(0)"
	mesh "Building_TypeC_A(0).mesh"
	transform [1 0 -2.1293e-06 0 0 1 0 0 2.1293e-06 0 1 0 -5610.76 141.241 -5372.68 1 ]
	material { shader "DefaultPattern.shader"}
}
StaticMesh
{
	name "Building_TypeC_A_31(1)"
	mesh "Building_TypeC_A(1).mesh"
	transform [1 0 -2.1293e-06 0 0 1 0 0 2.1293e-06 0 1 0 -5610.76 141.241 -5372.68 1 ]
	material { shader "DefaultPattern.shader"}
}
StaticMesh
{
	name "Building_TypeC_A_31(2)"
	mesh "Building_TypeC_A(2).mesh"
	transform [1 0 -2.1293e-06 0 0 1 0 0 2.1293e-06 0 1 0 -5610.76 141.241 -5372.68 1 ]
	material { shader "DefaultPattern.shader"}
}
StaticMesh
{
	name "Building_TypeC_A_31(3)"
	mesh "Building_TypeC_A(3).mesh"
	transform [1 0 -2.1293e-06 0 0 1 0 0 2.1293e-06 0 1 0 -5610.76 141.241 -5372.68 1 ]
	material { shader "DefaultPattern.shader"}
}
StaticMesh
{
	name "Building_TypeC_A_31(4)"
	mesh "Building_TypeC_A(4).mesh"
	transform [1 0 -2.1293e-06 0 0 1 0 0 2.1293e-06 0 1 0 -5610.76 141.241 -5372.68 1 ]
	material { shader "DefaultPattern.shader"}
}
StaticMesh
{
	name "Building_TypeC_A_31(5)"
	mesh "Building_TypeC_A(5).mesh"
	transform [1 0 -2.1293e-06 0 0 1 0 0 2.1293e-06 0 1 0 -5610.76 141.241 -5372.68 1 ]
	material { shader "DefaultPattern.shader"}
}
StaticMesh
{
	name "Building_TypeC_A_31(6)"
	mesh "Building_TypeC_A(6).mesh"
	transform [1 0 -2.1293e-06 0 0 1 0 0 2.1293e-06 0 1 0 -5610.76 141.241 -5372.68 1 ]
	material { shader "DefaultPattern.shader"}
}
StaticMesh
{
	name "Building_TypeC_A_31(7)"
	mesh "Building_TypeC_A(7).mesh"
	transform [1 0 -2.1293e-06 0 0 1 0 0 2.1293e-06 0 1 0 -5610.76 141.241 -5372.68 1 ]
	material { shader "DefaultPattern.shader"}
}
StaticMesh
{
	name "Building_TypeC_A_31(8)"
	mesh "Building_TypeC_A(8).mesh"
	transform [1 0 -2.1293e-06 0 0 1 0 0 2.1293e-06 0 1 0 -5610.76 141.241 -5372.68 1 ]
	material { shader "DefaultPattern.shader"}
}
StaticMesh
{
	name "Building_TypeC_A_31(9)"
	mesh "Building_TypeC_A(9).mesh"
	transform [1 0 -2.1293e-06 0 0 1 0 0 2.1293e-06 0 1 0 -5610.76 141.241 -5372.68 1 ]
	material { shader "DefaultPattern.shader"}
}
StaticMesh
{
	name "Building_TypeC_A_31(10)"
	mesh "Building_TypeC_A(10).mesh"
	transform [1 0 -2.1293e-06 0 0 1 0 0 2.1293e-06 0 1 0 -5610.76 141.241 -5372.68 1 ]
	material { shader "DefaultPattern.shader"}
}
StaticMesh
{
	name "Building_TypeC_A2(0)"
	mesh "Building_TypeC_A(0).mesh"
	transform [-1.95106e-06 0 1 0 0 1 0 0 -1 0 -1.95106e-06 0 21819.2 770.459 3819.2 1 ]
	material { shader "DefaultPattern.shader"}
}
StaticMesh
{
	name "Building_TypeC_A2(1)"
	mesh "Building_TypeC_A(1).mesh"
	transform [-1.95106e-06 0 1 0 0 1 0 0 -1 0 -1.95106e-06 0 21819.2 770.459 3819.2 1 ]
	material { shader "DefaultPattern.shader"}
}
StaticMesh
{
	name "Building_TypeC_A2(2)"
	mesh "Building_TypeC_A(2).mesh"
	transform [-1.95106e-06 0 1 0 0 1 0 0 -1 0 -1.95106e-06 0 21819.2 770.459 3819.2 1 ]
	material { shader "DefaultPattern.shader"}
}
StaticMesh
{
	name "Building_TypeC_A2(3)"
	mesh "Building_TypeC_A(3).mesh"
	transform [-1.95106e-06 0 1 0 0 1 0 0 -1 0 -1.95106e-06 0 21819.2 770.459 3819.2 1 ]
	material { shader "DefaultPattern.shader"}
}
StaticMesh
{
	name "Building_TypeC_A2(4)"
	mesh "Building_TypeC_A(4).mesh"
	transform [-1.95106e-06 0 1 0 0 1 0 0 -1 0 -1.95106e-06 0 21819.2 770.459 3819.2 1 ]
	material { shader "DefaultPattern.shader"}
}
StaticMesh
{
	name "Building_TypeC_A2(5)"
	mesh "Building_TypeC_A(5).mesh"
	transform [-1.95106e-06 0 1 0 0 1 0 0 -1 0 -1.95106e-06 0 21819.2 770.459 3819.2 1 ]
	material { shader "DefaultPattern.shader"}
}
StaticMesh
{
	name "Building_TypeC_A2(6)"
	mesh "Building_TypeC_A(6).mesh"
	transform [-1.95106e-06 0 1 0 0 1 0 0 -1 0 -1.95106e-06 0 21819.2 770.459 3819.2 1 ]
	material { shader "DefaultPattern.shader"}
}
StaticMesh
{
	name "Building_TypeC_A2(7)"
	mesh "Building_TypeC_A(7).mesh"
	transform [-1.95106e-06 0 1 0 0 1 0 0 -1 0 -1.95106e-06 0 21819.2 770.459 3819.2 1 ]
	material { shader "DefaultPattern.shader"}
}
StaticMesh
{
	name "Building_TypeC_A2(8)"
	mesh "Building_TypeC_A(8).mesh"
	transform [-1.95106e-06 0 1 0 0 1 0 0 -1 0 -1.95106e-06 0 21819.2 770.459 3819.2 1 ]
	material { shader "DefaultPattern.shader"}
}
StaticMesh
{
	name "Building_TypeC_A2(9)"
	mesh "Building_TypeC_A(9).mesh"
	transform [-1.95106e-06 0 1 0 0 1 0 0 -1 0 -1.95106e-06 0 21819.2 770.459 3819.2 1 ]
	material { shader "DefaultPattern.shader"}
}
StaticMesh
{
	name "Building_TypeC_A2(10)"
	mesh "Building_TypeC_A(10).mesh"
	transform [-1.95106e-06 0 1 0 0 1 0 0 -1 0 -1.95106e-06 0 21819.2 770.459 3819.2 1 ]
	material { shader "DefaultPattern.shader"}
}
StaticMesh
{
	name "Building_TypeA_B_39(0)"
	mesh "Building_TypeA_B(0).mesh"
	transform [1 0 -3.735e-06 0 0 1 0 0 3.735e-06 0 1 0 -2750 122.031 -8860 1 ]
	material { shader "DefaultPattern.shader"}
}
StaticMesh
{
	name "Building_TypeA_B_39(1)"
	mesh "Building_TypeA_B(1).mesh"
	transform [1 0 -3.735e-06 0 0 1 0 0 3.735e-06 0 1 0 -2750 122.031 -8860 1 ]
	material { shader "DefaultPattern.shader"}
}
StaticMesh
{
	name "Building_TypeA_B_39(2)"
	mesh "Building_TypeA_B(2).mesh"
	transform [1 0 -3.735e-06 0 0 1 0 0 3.735e-06 0 1 0 -2750 122.031 -8860 1 ]
	material { shader "DefaultPattern.shader"}
}
StaticMesh
{
	name "Building_TypeA_B_39(3)"
	mesh "Building_TypeA_B(3).mesh"
	transform [1 0 -3.735e-06 0 0 1 0 0 3.735e-06 0 1 0 -2750 122.031 -8860 1 ]
	material { shader "DefaultPattern.shader"}
}
StaticMesh
{
	name "Building_TypeA_B_39(4)"
	mesh "Building_TypeA_B(4).mesh"
	transform [1 0 -3.735e-06 0 0 1 0 0 3.735e-06 0 1 0 -2750 122.031 -8860 1 ]
	material { shader "DefaultPattern.shader"}
}
StaticMesh
{
	name "Building_TypeA_B_39(5)"
	mesh "Building_TypeA_B(5).mesh"
	transform [1 0 -3.735e-06 0 0 1 0 0 3.735e-06 0 1 0 -2750 122.031 -8860 1 ]
	material { shader "DefaultPattern.shader"}
}
StaticMesh
{
	name "Building_TypeA_B_39(6)"
	mesh "Building_TypeA_B(6).mesh"
	transform [1 0 -3.735e-06 0 0 1 0 0 3.735e-06 0 1 0 -2750 122.031 -8860 1 ]
	material { shader "DefaultPattern.shader"}
}
StaticMesh
{
	name "Building_TypeA_B_39(7)"
	mesh "Building_TypeA_B(7).mesh"
	transform [1 0 -3.735e-06 0 0 1 0 0 3.735e-06 0 1 0 -2750 122.031 -8860 1 ]
	material { shader "DefaultPattern.shader"}
}
StaticMesh
{
	name "Building_TypeA_B_39(8)"
	mesh "Building_TypeA_B(8).mesh"
	transform [1 0 -3.735e-06 0 0 1 0 0 3.735e-06 0 1 0 -2750 122.031 -8860 1 ]
	material { shader "DefaultPattern.shader"}
}
StaticMesh
{
	name "Building_TypeC_D_45(0)"
	mesh "Building_TypeC_D(0).mesh"
	transform [7.90754e-07 0 1 0 0 1 0 0 -1 0 7.90754e-07 0 15482.4 142.889 -3123.7 1 ]
	material { shader "DefaultPattern.shader"}
}
StaticMesh
{
	name "Building_TypeC_D_45(1)"
	mesh "Building_TypeC_D(1).mesh"
	transform [7.90754e-07 0 1 0 0 1 0 0 -1 0 7.90754e-07 0 15482.4 142.889 -3123.7 1 ]
	material { shader "DefaultPattern.shader"}
}
StaticMesh
{
	name "Building_TypeC_D_45(2)"
	mesh "Building_TypeC_D(2).mesh"
	transform [7.90754e-07 0 1 0 0 1 0 0 -1 0 7.90754e-07 0 15482.4 142.889 -3123.7 1 ]
	material { shader "DefaultPattern.shader"}
}
StaticMesh
{
	name "Building_TypeC_D_45(3)"
	mesh "Building_TypeC_D(3).mesh"
	transform [7.90754e-07 0 1 0 0 1 0 0 -1 0 7.90754e-07 0 15482.4 142.889 -3123.7 1 ]
	material { shader "DefaultPattern.shader"}
}
StaticMesh
{
	name "Building_TypeC_D_45(4)"
	mesh "Building_TypeC_D(4).mesh"
	transform [7.90754e-07 0 1 0 0 1 0 0 -1 0 7.90754e-07 0 15482.4 142.889 -3123.7 1 ]
	material { shader "DefaultPattern.shader"}
}
StaticMesh
{
	name "Building_TypeC_D_45(5)"
	mesh "Building_TypeC_D(5).mesh"
	transform [7.90754e-07 0 1 0 0 1 0 0 -1 0 7.90754e-07 0 15482.4 142.889 -3123.7 1 ]
	material { shader "DefaultPattern.shader"}
}
StaticMesh
{
	name "Building_TypeC_D_45(6)"
	mesh "Building_TypeC_D(6).mesh"
	transform [7.90754e-07 0 1 0 0 1 0 0 -1 0 7.90754e-07 0 15482.4 142.889 -3123.7 1 ]
	material { shader "DefaultPattern.shader"}
}
StaticMesh
{
	name "Building_TypeC_D_45(7)"
	mesh "Building_TypeC_D(7).mesh"
	transform [7.90754e-07 0 1 0 0 1 0 0 -1 0 7.90754e-07 0 15482.4 142.889 -3123.7 1 ]
	material { shader "DefaultPattern.shader"}
}
StaticMesh
{
	name "Building_TypeC_D_45(8)"
	mesh "Building_TypeC_D(8).mesh"
	transform [7.90754e-07 0 1 0 0 1 0 0 -1 0 7.90754e-07 0 15482.4 142.889 -3123.7 1 ]
	material { shader "DefaultPattern.shader"}
}
StaticMesh
{
	name "Fence_Chainlink_Post_121(0)"
	mesh "Fence_Chainlink_Post.mesh"
	transform [1 0 0 0 0 1 0 0 0 0 1 0 -22386.4 99.9951 500 1 ]
	material { shader "DefaultPattern.shader"}
}
StaticMesh
{
	name "Light_Floor_Base_220(0)"
	mesh "Light_Floor_Base.mesh"
	transform [-1.35501e-06 0 1 0 0 1 0 0 -1 0 -1.35501e-06 0 -20385.4 99.9951 750 1 ]
	material { shader "DefaultPattern.shader"}
}
StaticMesh
{
	name "Rail_B_Double_End_363(0)"
	mesh "Rail_B_Double_End.mesh"
	transform [1 0 0 0 0 1 0 0 0 0 1 0 -14890 100 8070 1 ]
	material { shader "DefaultPattern.shader"}
}
StaticMesh
{
	name "Weed_C_A_557(0)"
	mesh "Weed_C_A.mesh"
	transform [1 0 0 0 0 1 0 0 0 0 1 0 -17000 100 6820 1 ]
	material { shader "DefaultPattern.shader"}
}
StaticMesh
{
	name "Weed_C_B_560(0)"
	mesh "Weed_C_B.mesh"
	transform [1 0 0 0 0 1 0 0 0 0 1 0 -16990 110 6870 1 ]
	material { shader "DefaultPattern.shader"}
}
StaticMesh
{
	name "Weed_D_A_563(0)"
	mesh "Weed_D_A.mesh"
	transform [1 0 0 0 0 1 0 0 0 0 1 0 -17010 100 6940 1 ]
	material { shader "DefaultPattern.shader"}
}
StaticMesh
{
	name "Weed_D_B_566(0)"
	mesh "Weed_D_B.mesh"
	transform [1 0 0 0 0 1 0 0 0 0 1 0 -17000 100 6980 1 ]
	material { shader "DefaultPattern.shader"}
}
StaticMesh
{
	name "Road_4L_VarB6(0)"
	mesh "Road_4L_VarB(0).mesh"
	transform [-1.11659e-06 0 -1 0 0 1 0 0 1 0 -1.11659e-06 0 -2760 120 -1663.46 1 ]
	material { shader "DefaultPattern.shader"}
}
StaticMesh
{
	name "Road_4L_VarB6(1)"
	mesh "Road_4L_VarB(1).mesh"
	transform [-1.11659e-06 0 -1 0 0 1 0 0 1 0 -1.11659e-06 0 -2760 120 -1663.46 1 ]
	material { shader "DefaultPattern.shader"}
}
StaticMesh
{
	name "Road_4L_VarB6(2)"
	mesh "Road_4L_VarB(2).mesh"
	transform [-1.11659e-06 0 -1 0 0 1 0 0 1 0 -1.11659e-06 0 -2760 120 -1663.46 1 ]
	material { shader "DefaultPattern.shader"}
}
StaticMesh
{
	name "Road_4L_VarB25(0)"
	mesh "Road_4L_VarB(0).mesh"
	transform [1 0 0 0 0 1 0 0 0 0 1 0 -1560 120 1936.54 1 ]
	material { shader "DefaultPattern.shader"}
}
StaticMesh
{
	name "Road_4L_VarB25(1)"
	mesh "Road_4L_VarB(1).mesh"
	transform [1 0 0 0 0 1 0 0 0 0 1 0 -1560 120 1936.54 1 ]
	material { shader "DefaultPattern.shader"}
}
StaticMesh
{
	name "Road_4L_VarB25(2)"
	mesh "Road_4L_VarB(2).mesh"
	transform [1 0 0 0 0 1 0 0 0 0 1 0 -1560 120 1936.54 1 ]
	material { shader "DefaultPattern.shader"}
}
StaticMesh
{
	name "Silo_mdl6(0)"
	mesh "Silo_mdl(0).mesh"
	transform [-0.642788 0 0.766044 0 0 1 0 0 -0.766044 0 -0.642788 0 -13014.5 266.895 -6228.01 1 ]
	material { shader "DefaultPattern.shader"}
}
StaticMesh
{
	name "Silo_mdl6(1)"
	mesh "Silo_mdl(1).mesh"
	transform [-0.642788 0 0.766044 0 0 1 0 0 -0.766044 0 -0.642788 0 -13014.5 266.895 -6228.01 1 ]
	material { shader "DefaultPattern.shader"}
}
StaticMesh
{
	name "Silo_mdl7(0)"
	mesh "Silo_mdl(0).mesh"
	transform [-0.939693 0 0.342019 0 0 1 0 0 -0.342019 0 -0.939693 0 -13101.5 276.517 -4028.01 1 ]
	material { shader "DefaultPattern.shader"}
}
StaticMesh
{
	name "Silo_mdl7(1)"
	mesh "Silo_mdl(1).mesh"
	transform [-0.939693 0 0.342019 0 0 1 0 0 -0.342019 0 -0.939693 0 -13101.5 276.517 -4028.01 1 ]
	material { shader "DefaultPattern.shader"}
}
StaticMesh
{
	name "Silo_mdl8(0)"
	mesh "Silo_mdl(0).mesh"
	transform [0.0871565 0 0.996195 0 0 1 0 0 -0.996195 0 0.0871565 0 -13149 262.536 -1778.01 1 ]
	material { shader "DefaultPattern.shader"}
}
StaticMesh
{
	name "Silo_mdl8(1)"
	mesh "Silo_mdl(1).mesh"
	transform [0.0871565 0 0.996195 0 0 1 0 0 -0.996195 0 0.0871565 0 -13149 262.536 -1778.01 1 ]
	material { shader "DefaultPattern.shader"}
}
StaticMesh
{
	name "Silo_mdl9(0)"
	mesh "Silo_mdl(0).mesh"
	transform [0.766041 0 0.642792 0 0 1 0 0 -0.642792 0 0.766041 0 -12961.7 236.094 371.993 1 ]
	material { shader "DefaultPattern.shader"}
}
StaticMesh
{
	name "Silo_mdl9(1)"
	mesh "Silo_mdl(1).mesh"
	transform [0.766041 0 0.642792 0 0 1 0 0 -0.642792 0 0.766041 0 -12961.7 236.094 371.993 1 ]
	material { shader "DefaultPattern.shader"}
}
StaticMesh
{
	name "Silo_mdl11(0)"
	mesh "Silo_mdl(0).mesh"
	transform [-0.422618 0 0.906308 0 0 1 0 0 -0.906308 0 -0.422618 0 -15114.4 266.895 -5378.44 1 ]
	material { shader "DefaultPattern.shader"}
}
StaticMesh
{
	name "Silo_mdl11(1)"
	mesh "Silo_mdl(1).mesh"
	transform [-0.422618 0 0.906308 0 0 1 0 0 -0.906308 0 -0.422618 0 -15114.4 266.895 -5378.44 1 ]
	material { shader "DefaultPattern.shader"}
}
StaticMesh
{
	name "Silo_mdl12(0)"
	mesh "Silo_mdl(0).mesh"
	transform [-0.996195 0 0.087153 0 0 1 0 0 -0.087153 0 -0.996195 0 -15201.5 276.517 -3178.44 1 ]
	material { shader "DefaultPattern.shader"}
}
StaticMesh
{
	name "Silo_mdl12(1)"
	mesh "Silo_mdl(1).mesh"
	transform [-0.996195 0 0.087153 0 0 1 0 0 -0.087153 0 -0.996195 0 -15201.5 276.517 -3178.44 1 ]
	material { shader "DefaultPattern.shader"}
}
StaticMesh
{
	name "Silo_mdl13(0)"
	mesh "Silo_mdl(0).mesh"
	transform [-0.642788 0 0.766044 0 0 1 0 0 -0.766044 0 -0.642788 0 -15249 262.536 -928.437 1 ]
	material { shader "DefaultPattern.shader"}
}
StaticMesh
{
	name "Silo_mdl13(1)"
	mesh "Silo_mdl(1).mesh"
	transform [-0.642788 0 0.766044 0 0 1 0 0 -0.766044 0 -0.642788 0 -15249 262.536 -928.437 1 ]
	material { shader "DefaultPattern.shader"}
}
StaticMesh
{
	name "Silo_mdl14(0)"
	mesh "Silo_mdl(0).mesh"
	transform [-0.642787 0 0.766045 0 0 1 0 0 -0.766045 0 -0.642787 0 -15061.7 236.094 1221.56 1 ]
	material { shader "DefaultPattern.shader"}
}
StaticMesh
{
	name "Silo_mdl14(1)"
	mesh "Silo_mdl(1).mesh"
	transform [-0.642787 0 0.766045 0 0 1 0 0 -0.766045 0 -0.642787 0 -15061.7 236.094 1221.56 1 ]
	material { shader "DefaultPattern.shader"}
}
StaticMesh
{
	name "Silo_mdl17(0)"
	mesh "Silo_mdl(0).mesh"
	transform [0.0871598 0 0.996194 0 0 1 0 0 -0.996194 0 0.0871598 0 3130.78 114.878 12948.5 1 ]
	material { shader "DefaultPattern.shader"}
}
StaticMesh
{
	name "Silo_mdl17(1)"
	mesh "Silo_mdl(1).mesh"
	transform [0.0871598 0 0.996194 0 0 1 0 0 -0.996194 0 0.0871598 0 3130.78 114.878 12948.5 1 ]
	material { shader "DefaultPattern.shader"}
}
StaticMesh
{
	name "Silo_mdl18(0)"
	mesh "Silo_mdl(0).mesh"
	transform [0.642793 0 -0.76604 0 0 1 0 0 0.76604 0 0.642793 0 949.996 114.879 12948.5 1 ]
	material { shader "DefaultPattern.shader"}
}
StaticMesh
{
	name "Silo_mdl18(1)"
	mesh "Silo_mdl(1).mesh"
	transform [0.642793 0 -0.76604 0 0 1 0 0 0.76604 0 0.642793 0 949.996 114.879 12948.5 1 ]
	material { shader "DefaultPattern.shader"}
}
StaticMesh
{
	name "Silo_mdl19(0)"
	mesh "Silo_mdl(0).mesh"
	transform [-0.0871501 0 -0.996195 0 0 1 0 0 0.996195 0 -0.0871501 0 -1267.37 114.879 12948.5 1 ]
	material { shader "DefaultPattern.shader"}
}
StaticMesh
{
	name "Silo_mdl19(1)"
	mesh "Silo_mdl(1).mesh"
	transform [-0.0871501 0 -0.996195 0 0 1 0 0 0.996195 0 -0.0871501 0 -1267.37 114.879 12948.5 1 ]
	material { shader "DefaultPattern.shader"}
}
StaticMesh
{
	name "Silo_mdl22(0)"
	mesh "Silo_mdl(0).mesh"
	transform [-0.173648 0 0.984808 0 0 1 0 0 -0.984808 0 -0.173648 0 3130.78 114.878 10848.5 1 ]
	material { shader "DefaultPattern.shader"}
}
StaticMesh
{
	name "Silo_mdl22(1)"
	mesh "Silo_mdl(1).mesh"
	transform [-0.173648 0 0.984808 0 0 1 0 0 -0.984808 0 -0.173648 0 3130.78 114.878 10848.5 1 ]
	material { shader "DefaultPattern.shader"}
}
StaticMesh
{
	name "Silo_mdl23(0)"
	mesh "Silo_mdl(0).mesh"
	transform [0.996195 0 -0.0871509 0 0 1 0 0 0.0871509 0 0.996195 0 950 114.879 10848.5 1 ]
	material { shader "DefaultPattern.shader"}
}
StaticMesh
{
	name "Silo_mdl23(1)"
	mesh "Silo_mdl(1).mesh"
	transform [0.996195 0 -0.0871509 0 0 1 0 0 0.0871509 0 0.996195 0 950 114.879 10848.5 1 ]
	material { shader "DefaultPattern.shader"}
}
StaticMesh
{
	name "Silo_mdl24(0)"
	mesh "Silo_mdl(0).mesh"
	transform [0.642793 0 -0.76604 0 0 1 0 0 0.76604 0 0.642793 0 -1267.36 114.879 10848.5 1 ]
	material { shader "DefaultPattern.shader"}
}
StaticMesh
{
	name "Silo_mdl24(1)"
	mesh "Silo_mdl(1).mesh"
	transform [0.642793 0 -0.76604 0 0 1 0 0 0.76604 0 0.642793 0 -1267.36 114.879 10848.5 1 ]
	material { shader "DefaultPattern.shader"}
}
StaticMesh
{
	name "Smokestack_mdl11(0)"
	mesh "Smokestack_mdl(0).mesh"
	transform [1 0 0 0 0 1 0 0 0 0 1 0 -11140 100 31293.4 1 ]
	material { shader "DefaultPattern.shader"}
}
StaticMesh
{
	name "Smokestack_mdl11(1)"
	mesh "Smokestack_mdl(1).mesh"
	transform [1 0 0 0 0 1 0 0 0 0 1 0 -11140 100 31293.4 1 ]
	material { shader "DefaultPattern.shader"}
}
StaticMesh
{
	name "Silo_mdl35(0)"
	mesh "Silo_mdl(0).mesh"
	transform [-0.76604 0 -0.642793 0 0 1 0 0 0.642793 0 -0.76604 0 12180 100 -800 1 ]
	material { shader "DefaultPattern.shader"}
}
StaticMesh
{
	name "Silo_mdl35(1)"
	mesh "Silo_mdl(1).mesh"
	transform [-0.76604 0 -0.642793 0 0 1 0 0 0.642793 0 -0.76604 0 12180 100 -800 1 ]
	material { shader "DefaultPattern.shader"}
}
StaticMesh
{
	name "Silo_mdl36(0)"
	mesh "Silo_mdl(0).mesh"
	transform [-0.984807 0 -0.173654 0 0 1 0 0 0.173654 0 -0.984807 0 12180 100 1950 1 ]
	material { shader "DefaultPattern.shader"}
}
StaticMesh
{
	name "Silo_mdl36(1)"
	mesh "Silo_mdl(1).mesh"
	transform [-0.984807 0 -0.173654 0 0 1 0 0 0.173654 0 -0.984807 0 12180 100 1950 1 ]
	material { shader "DefaultPattern.shader"}
}
StaticMesh
{
	name "Silo_mdl37(0)"
	mesh "Silo_mdl(0).mesh"
	transform [0.996195 0 -0.0871465 0 0 1 0 0 0.0871465 0 0.996195 0 12160 100 5074.21 1 ]
	material { shader "DefaultPattern.shader"}
}
StaticMesh
{
	name "Silo_mdl37(1)"
	mesh "Silo_mdl(1).mesh"
	transform [0.996195 0 -0.0871465 0 0 1 0 0 0.0871465 0 0.996195 0 12160 100 5074.21 1 ]
	material { shader "DefaultPattern.shader"}
}
StaticMesh
{
	name "Silo_mdl40(0)"
	mesh "Silo_mdl(0).mesh"
	transform [0.642794 0 -0.766039 0 0 1 0 0 0.766039 0 0.642794 0 10080 100 -800 1 ]
	material { shader "DefaultPattern.shader"}
}
StaticMesh
{
	name "Silo_mdl40(1)"
	mesh "Silo_mdl(1).mesh"
	transform [0.642794 0 -0.766039 0 0 1 0 0 0.766039 0 0.642794 0 10080 100 -800 1 ]
	material { shader "DefaultPattern.shader"}
}
StaticMesh
{
	name "Silo_mdl41(0)"
	mesh "Silo_mdl(0).mesh"
	transform [-0.996195 0 0.087153 0 0 1 0 0 -0.087153 0 -0.996195 0 10080 100 1950 1 ]
	material { shader "DefaultPattern.shader"}
}
StaticMesh
{
	name "Silo_mdl41(1)"
	mesh "Silo_mdl(1).mesh"
	transform [-0.996195 0 0.087153 0 0 1 0 0 -0.087153 0 -0.996195 0 10080 100 1950 1 ]
	material { shader "DefaultPattern.shader"}
}
StaticMesh
{
	name "Silo_mdl42(0)"
	mesh "Silo_mdl(0).mesh"
	transform [0.996195 0 -0.0871465 0 0 1 0 0 0.0871465 0 0.996195 0 10060 100 5074.21 1 ]
	material { shader "DefaultPattern.shader"}
}
StaticMesh
{
	name "Silo_mdl42(1)"
	mesh "Silo_mdl(1).mesh"
	transform [0.996195 0 -0.0871465 0 0 1 0 0 0.0871465 0 0.996195 0 10060 100 5074.21 1 ]
	material { shader "DefaultPattern.shader"}
}
StaticMesh
{
	name "Silo_mdl43(0)"
	mesh "Silo_mdl(0).mesh"
	transform [-0.76604 0 -0.642793 0 0 1 0 0 0.642793 0 -0.76604 0 10060 100 7324.21 1 ]
	material { shader "DefaultPattern.shader"}
}
StaticMesh
{
	name "Silo_mdl43(1)"
	mesh "Silo_mdl(1).mesh"
	transform [-0.76604 0 -0.642793 0 0 1 0 0 0.642793 0 -0.76604 0 10060 100 7324.21 1 ]
	material { shader "DefaultPattern.shader"}
}
StaticMesh
{
	name "Silo_mdl45(0)"
	mesh "Silo_mdl(0).mesh"
	transform [-0.76604 0 -0.642793 0 0 1 0 0 0.642793 0 -0.76604 0 14380 100 -800 1 ]
	material { shader "DefaultPattern.shader"}
}
StaticMesh
{
	name "Silo_mdl45(1)"
	mesh "Silo_mdl(1).mesh"
	transform [-0.76604 0 -0.642793 0 0 1 0 0 0.642793 0 -0.76604 0 14380 100 -800 1 ]
	material { shader "DefaultPattern.shader"}
}
StaticMesh
{
	name "Silo_mdl46(0)"
	mesh "Silo_mdl(0).mesh"
	transform [-0.984807 0 -0.173654 0 0 1 0 0 0.173654 0 -0.984807 0 14380 100 1950 1 ]
	material { shader "DefaultPattern.shader"}
}
StaticMesh
{
	name "Silo_mdl46(1)"
	mesh "Silo_mdl(1).mesh"
	transform [-0.984807 0 -0.173654 0 0 1 0 0 0.173654 0 -0.984807 0 14380 100 1950 1 ]
	material { shader "DefaultPattern.shader"}
}
StaticMesh
{
	name "Silo_mdl47(0)"
	mesh "Silo_mdl(0).mesh"
	transform [-0.76604 0 -0.642793 0 0 1 0 0 0.642793 0 -0.76604 0 14310 100 5374.21 1 ]
	material { shader "DefaultPattern.shader"}
}
StaticMesh
{
	name "Silo_mdl47(1)"
	mesh "Silo_mdl(1).mesh"
	transform [-0.76604 0 -0.642793 0 0 1 0 0 0.642793 0 -0.76604 0 14310 100 5374.21 1 ]
	material { shader "DefaultPattern.shader"}
}
StaticMesh
{
	name "Building_TypeA_C2_8(0)"
	mesh "Building_TypeA_C(0).mesh"
	transform [1 0 4.76475e-06 0 0 1 0 0 -4.76475e-06 0 1 0 -4195.85 130 16730.1 1 ]
	material { shader "DefaultPattern.shader"}
}
StaticMesh
{
	name "Building_TypeA_C2_8(1)"
	mesh "Building_TypeA_C(1).mesh"
	transform [1 0 4.76475e-06 0 0 1 0 0 -4.76475e-06 0 1 0 -4195.85 130 16730.1 1 ]
	material { shader "DefaultPattern.shader"}
}
StaticMesh
{
	name "Building_TypeA_C2_8(2)"
	mesh "Building_TypeA_C(2).mesh"
	transform [1 0 4.76475e-06 0 0 1 0 0 -4.76475e-06 0 1 0 -4195.85 130 16730.1 1 ]
	material { shader "DefaultPattern.shader"}
}
StaticMesh
{
	name "Building_TypeA_C2_8(3)"
	mesh "Building_TypeA_C(3).mesh"
	transform [1 0 4.76475e-06 0 0 1 0 0 -4.76475e-06 0 1 0 -4195.85 130 16730.1 1 ]
	material { shader "DefaultPattern.shader"}
}
StaticMesh
{
	name "Building_TypeA_C2_8(4)"
	mesh "Building_TypeA_C(4).mesh"
	transform [1 0 4.76475e-06 0 0 1 0 0 -4.76475e-06 0 1 0 -4195.85 130 16730.1 1 ]
	material { shader "DefaultPattern.shader"}
}
StaticMesh
{
	name "Building_TypeA_C2_8(5)"
	mesh "Building_TypeA_C(5).mesh"
	transform [1 0 4.76475e-06 0 0 1 0 0 -4.76475e-06 0 1 0 -4195.85 130 16730.1 1 ]
	material { shader "DefaultPattern.shader"}
}
StaticMesh
{
	name "Building_TypeA_C2_8(6)"
	mesh "Building_TypeA_C(6).mesh"
	transform [1 0 4.76475e-06 0 0 1 0 0 -4.76475e-06 0 1 0 -4195.85 130 16730.1 1 ]
	material { shader "DefaultPattern.shader"}
}
StaticMesh
{
	name "Building_TypeA_C2_8(7)"
	mesh "Building_TypeA_C(7).mesh"
	transform [1 0 4.76475e-06 0 0 1 0 0 -4.76475e-06 0 1 0 -4195.85 130 16730.1 1 ]
	material { shader "DefaultPattern.shader"}
}
StaticMesh
{
	name "Building_TypeA_C2_8(8)"
	mesh "Building_TypeA_C(8).mesh"
	transform [1 0 4.76475e-06 0 0 1 0 0 -4.76475e-06 0 1 0 -4195.85 130 16730.1 1 ]
	material { shader "DefaultPattern.shader"}
}
StaticMesh
{
	name "Building_TypeB_B2(0)"
	mesh "Building_TypeB_B(0).mesh"
	transform [1 0 -4.79966e-06 0 0 1 0 0 4.79966e-06 0 1 0 15707.7 140.001 -6069.05 1 ]
	material { shader "DefaultPattern.shader"}
}
StaticMesh
{
	name "Building_TypeB_B2(1)"
	mesh "Building_TypeB_B(1).mesh"
	transform [1 0 -4.79966e-06 0 0 1 0 0 4.79966e-06 0 1 0 15707.7 140.001 -6069.05 1 ]
	material { shader "DefaultPattern.shader"}
}
StaticMesh
{
	name "Building_TypeB_B2(2)"
	mesh "Building_TypeB_B(2).mesh"
	transform [1 0 -4.79966e-06 0 0 1 0 0 4.79966e-06 0 1 0 15707.7 140.001 -6069.05 1 ]
	material { shader "DefaultPattern.shader"}
}
StaticMesh
{
	name "Building_TypeB_B2(3)"
	mesh "Building_TypeB_B(3).mesh"
	transform [1 0 -4.79966e-06 0 0 1 0 0 4.79966e-06 0 1 0 15707.7 140.001 -6069.05 1 ]
	material { shader "DefaultPattern.shader"}
}
StaticMesh
{
	name "Building_TypeB_B2(4)"
	mesh "Building_TypeB_B(4).mesh"
	transform [1 0 -4.79966e-06 0 0 1 0 0 4.79966e-06 0 1 0 15707.7 140.001 -6069.05 1 ]
	material { shader "DefaultPattern.shader"}
}
StaticMesh
{
	name "Building_TypeB_B2(5)"
	mesh "Building_TypeB_B(5).mesh"
	transform [1 0 -4.79966e-06 0 0 1 0 0 4.79966e-06 0 1 0 15707.7 140.001 -6069.05 1 ]
	material { shader "DefaultPattern.shader"}
}
StaticMesh
{
	name "Building_TypeB_B2(6)"
	mesh "Building_TypeB_B(6).mesh"
	transform [1 0 -4.79966e-06 0 0 1 0 0 4.79966e-06 0 1 0 15707.7 140.001 -6069.05 1 ]
	material { shader "DefaultPattern.shader"}
}
StaticMesh
{
	name "Smokestack_mdl12(0)"
	mesh "Smokestack_mdl(0).mesh"
	transform [1 0 0 0 0 0.620964 0 0 0 0 1 0 16403.5 100 -20395.7 1 ]
	material { shader "DefaultPattern.shader"}
}
StaticMesh
{
	name "Smokestack_mdl12(1)"
	mesh "Smokestack_mdl(1).mesh"
	transform [1 0 0 0 0 0.620964 0 0 0 0 1 0 16403.5 100 -20395.7 1 ]
	material { shader "DefaultPattern.shader"}
}
StaticMesh
{
	name "Intersection_4x4_lane2(0)"
	mesh "Intersection_4x4_lane(0).mesh"
	transform [1 0 0 0 0 1 0 0 0 0 1 0 -2760 120 1936.54 1 ]
	material { shader "DefaultPattern.shader"}
}
StaticMesh
{
	name "Intersection_4x4_lane2(1)"
	mesh "Intersection_4x4_lane(1).mesh"
	transform [1 0 0 0 0 1 0 0 0 0 1 0 -2760 120 1936.54 1 ]
	material { shader "DefaultPattern.shader"}
}
StaticMesh
{
	name "Intersection_4x4_lane2(2)"
	mesh "Intersection_4x4_lane(2).mesh"
	transform [1 0 0 0 0 1 0 0 0 0 1 0 -2760 120 1936.54 1 ]
	material { shader "DefaultPattern.shader"}
}
StaticMesh
{
	name "Road_4L_VarB26_34(0)"
	mesh "Road_4L_VarB(0).mesh"
	transform [1 0 0 0 0 1 0 0 0 0 1 0 -560 120 1936.54 1 ]
	material { shader "DefaultPattern.shader"}
}
StaticMesh
{
	name "Road_4L_VarB26_34(1)"
	mesh "Road_4L_VarB(1).mesh"
	transform [1 0 0 0 0 1 0 0 0 0 1 0 -560 120 1936.54 1 ]
	material { shader "DefaultPattern.shader"}
}
StaticMesh
{
	name "Road_4L_VarB26_34(2)"
	mesh "Road_4L_VarB(2).mesh"
	transform [1 0 0 0 0 1 0 0 0 0 1 0 -560 120 1936.54 1 ]
	material { shader "DefaultPattern.shader"}
}
StaticMesh
{
	name "Road_4L_VarB27_36(0)"
	mesh "Road_4L_VarB(0).mesh"
	transform [1 0 0 0 0 1 0 0 0 0 1 0 440 120 1936.54 1 ]
	material { shader "DefaultPattern.shader"}
}
StaticMesh
{
	name "Road_4L_VarB27_36(1)"
	mesh "Road_4L_VarB(1).mesh"
	transform [1 0 0 0 0 1 0 0 0 0 1 0 440 120 1936.54 1 ]
	material { shader "DefaultPattern.shader"}
}
StaticMesh
{
	name "Road_4L_VarB27_36(2)"
	mesh "Road_4L_VarB(2).mesh"
	transform [1 0 0 0 0 1 0 0 0 0 1 0 440 120 1936.54 1 ]
	material { shader "DefaultPattern.shader"}
}
StaticMesh
{
	name "Road_2L_VarA26(0)"
	mesh "Road_2L_VarA(0).mesh"
	transform [1 0 -1.6057e-06 0 0 1 0 0 1.6057e-06 0 1 0 -1560 120 8936.54 1 ]
	material { shader "DefaultPattern.shader"}
}
StaticMesh
{
	name "Road_2L_VarA26(1)"
	mesh "Road_2L_VarA(1).mesh"
	transform [1 0 -1.6057e-06 0 0 1 0 0 1.6057e-06 0 1 0 -1560 120 8936.54 1 ]
	material { shader "DefaultPattern.shader"}
}
StaticMesh
{
	name "Road_2L_VarA26(2)"
	mesh "Road_2L_VarA(2).mesh"
	transform [1 0 -1.6057e-06 0 0 1 0 0 1.6057e-06 0 1 0 -1560 120 8936.54 1 ]
	material { shader "DefaultPattern.shader"}
}
StaticMesh
{
	name "Road_2L_VarA26(3)"
	mesh "Road_2L_VarA(3).mesh"
	transform [1 0 -1.6057e-06 0 0 1 0 0 1.6057e-06 0 1 0 -1560 120 8936.54 1 ]
	material { shader "DefaultPattern.shader"}
}
StaticMesh
{
	name "Road_2L_VarA27(0)"
	mesh "Road_2L_VarA(0).mesh"
	transform [1 0 -1.6057e-06 0 0 1 0 0 1.6057e-06 0 1 0 -560 120 8936.54 1 ]
	material { shader "DefaultPattern.shader"}
}
StaticMesh
{
	name "Road_2L_VarA27(1)"
	mesh "Road_2L_VarA(1).mesh"
	transform [1 0 -1.6057e-06 0 0 1 0 0 1.6057e-06 0 1 0 -560 120 8936.54 1 ]
	material { shader "DefaultPattern.shader"}
}
StaticMesh
{
	name "Road_2L_VarA27(2)"
	mesh "Road_2L_VarA(2).mesh"
